winnerCombinations[
  ([1, 2, 3],
  [4, 5, 6],
  [7, 8, 9],
  [1, 4, 7],
  [2, 5, 8],
  [3, 6, 9],
  [1, 5, 9],
  [3, 5, 7])
];

blah: [
  [
    [1, 2],
    [4, 8],
    [3, 6],
  ],

  [
    [0, 2],
    [4, 7],
  ],
  [
    [0, 1],
    [4, 6],
    [5, 8],
  ],
  [
    [4, 5],
    [0, 6],
  ],
  [
    [3, 5],
    [0, 8],
    [2, 6],
    [1, 7],
  ],
  [
    [3, 4],
    [2, 8],
  ],
  [
    [7, 8],
    [2, 4],
    [0, 3],
  ],
  [
    [6, 8],
    [1, 4],
  ],
  [
    [6, 7],
    [0, 4],
    [2, 5],
  ],
];

// questions
// How do I target each grid item in the Class Array or
